313 126
182 183
263 283
291 83
80 0
203 57
50 173
297 330
299 56
241 347
31 282
19 313
182 152
51 332
228 277
327 255
237 326
81 206
376 358
334 369
147 250
397 201
392 168
4 361
46 116
176 247
371 219
107 258
217 148
291 341
14 259
88 317
368 240
262 312
17 151
244 143
120 1
236 310
24 243
220 113
100 54
316 153
275 263
82 94
97 223
114 223
247 246
26 329
315 371
237 397
394 264
285 101
374 284
286 167
155 200
201 218
166 246
383 233
376 310
143 279
279 99
218 146
373 390
148 394
277 9
333 260
396 255
161 58
181 274
173 229
136 237
35 398
75 124
16 225
280 256
395 323
113 215
49 357
18 75
95 281
151 90
335 309
254 390
344 358
173 269
303 327
231 124
18 258
155 64
6 6
78 397
78 298
282 19
80 305
118 13
179 78
328 364
380 329
344 195
41 35